0 1
1 1
2 2
3 3
4 3
5 3
6 2
7 4
8 3
9 3
10 4
11 2
12 3
13 3
14 3
15 3
16 3
17 3
18 3
19 3
20 3
21 3
22 3
23 3
24 3
25 3
26 3
27 3
28 3
29 3
30 3
31 3
32 3
33 3
34 3
35 3
36 3
37 3
38 3
39 3
40 3
41 3
42 5
43 4
44 4
45 5
46 5
47 5
48 5
49 5
50 5
51 5
52 5
53 5
54 5
55 1
56 1
57 1
58 1
59 1
60 1
61 1
62 1
63 1
64 1
65 1
66 5
67 5
68 4
69 1
70 1
71 5
72 1
73 4
74 4
75 5
76 4
77 1
78 1
79 5
80 1
81 5
82 1
83 1
84 1
85 1
86 1
87 5
88 1
89 1
90 1
91 1
92 1
93 1
94 1
95 1
96 1
97 4
98 1
99 5
100 1
101 1
102 1
103 1
104 1
105 1
106 1
107 1
108 1
109 1
110 1
111 1
112 1
113 5
114 1
115 5
116 4
117 4
118 1
119 1
120 1
121 5
122 1
123 1
124 3
125 5
126 1
127 1
128 1
129 1
130 3
131 1
132 4
133 2
134 3
135 1
136 5
137 2
138 1
139 1
140 5
141 4
142 5
143 4
144 4
145 4
146 5
147 5
148 1
149 1
150 1
151 1
152 1
153 1
154 1
155 1
156 1
157 1
158 1
159 3
160 2
161 5
162 1
163 5
164 5
165 1
166 2
167 5
168 1
169 1
170 1
171 1
172 1
173 2
174 4
175 1
176 1
177 1
178 1
179 2
180 2
181 2
182 2
183 2
184 3
185 2
186 2
187 2
188 2
189 2
190 2
191 3
192 3
193 4
194 4
